-0.069948,-0.65402,-2.4552,-0.9178,0.48775,1.0191,-0.9178,0.56688,-0.57866,0.56688,-0.069948,0.48775,0.56688,1.6031,-0.65402,1.0191
0.35517,-0.14441,-0.30053,-0.83134,-0.89378,-0.64399,-0.83134,-1.0499,2.2286,1.5105,0.35517,-0.89378,1.5105,0.41762,-0.14441,-0.64399
-0.056,1.1115,0.7857,-0.65334,-1.3321,-0.001697,-0.65334,2.089,-1.1421,0.59564,-0.056,-1.3321,0.59564,-1.0606,1.1115,-0.001697
1.3693,0,1.3693,0,0,-1.3693,0,-1.3693,1.3693,0,1.3693,0,0,-1.3693,0,-1.3693
-1.1908,1.0227,0.32222,-1.3589,-0.79856,0.99469,-1.3589,-0.098068,-0.26619,1.1908,-1.1908,-0.79856,1.1908,0.32222,1.0227,0.99469
1.3968,-0.27446,0.47247,-0.15619,-0.43629,-1.8866,-0.15619,-0.75062,0.79925,0.97976,1.3968,-0.43629,0.97976,0.23283,-0.27446,-1.8866
-1.2315,0.26976,-1.2315,0.26976,0.26976,0.83274,0.26976,1.3957,-2.1698,-0.10556,-1.2315,0.26976,-0.10556,1.3957,0.26976,0.83274
1.4042,-0.49981,1.4042,-0.88062,-0.49981,-0.119,-0.88062,-1.3884,2.0389,-0.119,1.4042,-0.49981,-0.119,-0.62675,-0.49981,-0.119
0.6699,-0.21888,2.3534,1.1074,0.01576,-0.84214,1.1074,-0.57569,0.18725,-0.91543,0.6699,0.01576,-0.91543,-1.5982,-0.21888,-0.84214
2.0761,-0.11751,0.66591,-0.11751,-0.11751,-0.90093,-0.11751,-1.371,0.66591,-0.11751,2.0761,-0.11751,-0.11751,-1.371,-0.11751,-0.90093
-0.49597,0.82661,-0.22367,-1.0406,-0.88496,0.35982,-1.0406,-1.8963,0.74881,1.2156,-0.49597,-0.88496,1.2156,1.4101,0.82661,0.35982
-0.5786,0.15035,0.58771,1.0251,0.15035,0.51482,1.0251,1.9727,-1.8178,-1.3804,-0.5786,0.15035,-1.3804,-0.50571,0.15035,0.51482
-0.49778,-0.18952,1.5193,0.25947,-0.99033,-0.93337,0.25947,1.0301,2.3603,0.4538,-0.49778,-0.99033,0.4538,-1.1143,-0.18952,-0.93337
1.4042,-0.49981,1.4042,-0.88062,-0.49981,-0.119,-0.88062,-0.62675,2.0389,-0.119,1.4042,-0.49981,-0.119,-1.3884,-0.49981,-0.119
1.3056,-1.1047,1.3502,-0.703,-0.12275,0.45751,-0.703,0.23433,1.7073,-1.0155,1.3056,-0.12275,-1.0155,-0.92618,-1.1047,0.45751
1.1436,-1.2509,1.1618,-0.55635,0.083396,0.66831,-0.55635,0.65003,1.3629,-1.3606,1.1436,0.083396,-1.3606,-0.62947,-1.2509,0.66831
1.3693,0,1.3693,0,0,-1.3693,0,-1.3693,1.3693,0,1.3693,0,0,-1.3693,0,-1.3693
-0.48521,-0.41332,-1.7072,-1.2759,0.23362,0.59303,-1.2759,-0.48521,0.66491,1.0962,-0.48521,0.23362,1.0962,2.0307,-0.41332,0.59303
1.4082,-0.49457,1.4082,-0.8872,-0.49457,-0.13214,-0.8872,-0.61538,2.0425,-0.13214,1.4082,-0.49457,-0.13214,-1.3704,-0.49457,-0.13214
-1.1908,1.0227,0.32222,-1.3589,-0.79856,0.99469,-1.3589,-0.098068,-0.26619,1.1908,-1.1908,-0.79856,1.1908,0.32222,1.0227,0.99469
-0.48829,-0.40244,-1.7074,-1.2781,0.23288,0.59346,-1.2781,-0.48829,0.66215,1.0914,-0.48829,0.23288,1.0914,2.0358,-0.40244,0.59346
1.3693,0,1.3693,0,0,-1.3693,0,-1.3693,1.3693,0,1.3693,0,0,-1.3693,0,-1.3693
0.86042,0.16986,1.9965,0.10303,-0.49843,-0.8103,0.10303,-1.4563,1.5733,-0.008354,0.86042,-0.49843,-0.008354,-1.7459,0.16986,-0.8103
-0.72642,-0.026256,2.3543,0.60389,-1.1465,0.46386,0.60389,-0.86646,1.6541,-0.23631,-0.72642,-1.1465,-0.23631,-1.0065,-0.026256,0.46386
-1.2758,-0.036263,2.1,0.67581,-1.1439,0.83405,0.67581,-0.43186,1.3351,-0.3,-1.2758,-1.1439,-0.3,-0.51098,-0.036263,0.83405
-0.78863,-0.43382,0.07623,0.85239,-0.56687,-0.69993,0.85239,3.1587,-0.41164,0.031878,-0.78863,-0.56687,0.031878,0.38669,-0.43382,-0.69993
0.49727,0.51619,2.5169,0.97087,-0.61224,-0.77011,0.97087,-0.66862,-0.76165,-0.043192,-0.76165,0.49727,-0.61224,-1.4858,0.51619,-0.77011
0.067983,0.65136,2.4504,0.91483,-0.48905,-1.0197,0.91483,-0.56809,0.6062,-0.56809,0.067983,-0.48905,-0.56809,-1.6031,0.65136,-1.0197
0.9556,-0.2358,1.3527,-0.2358,-0.2358,-0.83149,-0.2358,-1.4272,2.3456,0.16134,0.9556,-0.2358,0.16134,-1.4272,-0.2358,-0.83149
1.2639,0.08753,1.0399,0.42364,-1.1449,-0.36062,0.42364,-1.7051,1.7681,-0.24858,1.2639,-1.1449,-0.24858,-1.1449,0.08753,-0.36062
1.2934,0.1912,0.84352,0.64107,-1.4059,-0.1687,0.64107,-1.6758,1.4284,-0.37115,1.2934,-1.4059,-0.37115,-0.95599,0.1912,-0.1687
1.3693,0,1.3693,0,0,-1.3693,0,-1.3693,1.3693,0,1.3693,0,0,-1.3693,0,-1.3693
0.062976,-0.080969,-0.080969,1.5024,0.7827,0.062976,1.5024,1.0706,-1.6644,-1.3765,0.062976,0.7827,-1.3765,-1.2325,-0.080969,0.062976
1.0766,0.5024,0.21531,0.5024,0.35886,0.5024,0.5024,0.21531,-1.2201,-1.3637,1.0766,0.35886,-1.3637,-2.3684,0.5024,0.5024
0.088759,0.26628,1.3314,0.79883,0.088759,0.26628,0.79883,0.62131,-0.4438,-0.26628,0.088759,0.088759,-0.26628,-0.4438,0.26628,-3.2841
0.56021,0.12586,-0.34797,0.12586,0.67867,1.5869,0.12586,-1.0192,-0.82181,-0.8613,0.56021,0.67867,-0.8613,-2.2433,0.12586,1.5869
-0.8223,-0.39394,0.64637,1.2889,-0.24095,0.11092,1.2889,2.5128,-0.28685,-0.62342,-0.8223,-0.24095,-0.62342,-1.5107,-0.39394,0.11092
0.24225,0.71098,1.5853,1.0445,-0.62309,-0.10929,1.0445,1.1707,-1.3893,-1.2541,0.24225,-0.62309,-1.2541,-1.3893,0.71098,-0.10929
