0.027446,0.10064,0.39339,-0.045743,0.15919,-0.060381,0.012808,-0.27995,-0.17748,0.29093,0.39339,0.11527,0.18846,0.12991,0.012808,-0.57271,-0.11893,0.14455,0.11527,-0.51416,-0.19212,-0.79228,-0.57271,-0.80691,-0.045743,0.042084,-0.045743,-0.51416,0.46658,0.61296,-0.27995,-0.80691,-0.36778,0.042084,-0.17748,-0.045743,0.59832,0.10064,0.18846,0.46658,-0.36778,-0.70445,0.027446,-0.11893,0.59832,0.33484,0.15919,-0.19212,-0.70445,0.65687,0.29093,0.042084,0.33484,0.26165,0.12991,0.61296,0.042084,0.65687,0.10064,0.14455,0.10064,0.26165,-0.060381,-0.79228
0.18843,-0.051068,1.1041,0.033459,0.23069,-0.31874,0.08981,-0.20603,0.20251,0.442,1.1041,0.48427,0.41383,-0.036981,0.08981,-0.7132,-0.036981,-0.079244,0.48427,-0.361,-0.13559,-1.4458,-0.7132,-1.3612,0.033459,0.08981,0.033459,-0.361,0.70967,0.30113,-0.20603,-1.3612,-0.37509,0.52653,0.20251,0.033459,0.48427,-0.12151,0.41383,0.70967,-0.37509,-0.60049,0.18843,-0.036981,0.48427,-0.051068,0.23069,-0.13559,-0.60049,0.70967,0.442,0.08981,-0.051068,-0.14968,-0.036981,0.30113,0.52653,0.70967,-0.051068,-0.079244,-0.12151,-0.14968,-0.31874,-1.4458
1.9688,0.65625,1.9688,0.65625,0.65625,-0.65625,0.65625,-0.65625,1.9688,0.65625,1.9688,0.65625,0.65625,-0.65625,0.65625,-0.65625,0.65625,-0.65625,0.65625,-0.65625,-0.65625,-1.9688,-0.65625,-1.9688,0.65625,-0.65625,0.65625,-0.65625,-0.65625,-1.9688,-0.65625,-1.9688,1.9688,0.65625,1.9688,0.65625,0.65625,-0.65625,0.65625,-0.65625,1.9688,0.65625,1.9688,0.65625,0.65625,-0.65625,0.65625,-0.65625,0.65625,-0.65625,0.65625,-0.65625,-0.65625,-1.9688,-0.65625,-1.9688,0.65625,-0.65625,0.65625,-0.65625,-0.65625,-1.9688,-0.65625,-1.9688
0.033557,-0.029403,0.14549,0.016068,0.016068,-0.053888,0.016068,0.01257,0.07553,0.033557,0.14549,0.07553,0.047548,-0.032901,0.016068,-0.032901,0.016068,-0.043394,0.07553,0.026561,0.009072,-0.13783,-0.032901,-0.11685,0.016068,0.009072,0.016068,0.026561,0.051046,-0.057385,0.01257,-0.11685,-0.004919,0.096517,0.07553,0.016068,-0.01891,-0.043394,0.047548,0.051046,-0.004919,0.016068,0.033557,0.016068,-0.01891,-0.074874,0.016068,0.009072,0.016068,0.016068,0.033557,0.009072,-0.074874,-0.08187,-0.032901,-0.057385,0.096517,0.016068,-0.029403,-0.043394,-0.043394,-0.08187,-0.053888,-0.13783
0.18185,-0.054585,1.1022,0.037398,0.22528,-0.31678,0.094056,-0.20936,0.20005,0.44429,1.1022,0.48038,0.40762,-0.032929,0.094056,-0.71885,-0.037169,-0.083508,0.48038,-0.35639,-0.13701,-1.4477,-0.71885,-1.3666,0.034416,0.086663,0.037398,-0.35639,0.71623,0.30806,-0.20936,-1.3666,-0.37171,0.53383,0.20005,0.034416,0.4851,-0.1193,0.40762,0.71623,-0.37171,-0.60082,0.18185,-0.037169,0.4851,-0.051122,0.22528,-0.13701,-0.60082,0.71139,0.44429,0.086663,-0.051122,-0.145,-0.032929,0.30806,0.53383,0.71139,-0.054585,-0.083508,-0.1193,-0.145,-0.31678,-1.4477
0.18185,-0.054585,1.1022,0.037398,0.22528,-0.31678,0.094056,-0.20936,0.20005,0.44429,1.1022,0.48038,0.40762,-0.032929,0.094056,-0.71885,-0.037169,-0.083508,0.48038,-0.35639,-0.13701,-1.4477,-0.71885,-1.3666,0.034416,0.086663,0.037398,-0.35639,0.71623,0.30806,-0.20936,-1.3666,-0.37171,0.53383,0.20005,0.034416,0.4851,-0.1193,0.40762,0.71623,-0.37171,-0.60082,0.18185,-0.037169,0.4851,-0.051122,0.22528,-0.13701,-0.60082,0.71139,0.44429,0.086663,-0.051122,-0.145,-0.032929,0.30806,0.53383,0.71139,-0.054585,-0.083508,-0.1193,-0.145,-0.31678,-1.4477
-0.21309,0.046783,-1.1973,-0.055528,-0.25913,0.33632,-0.11743,0.21764,-0.2315,-0.49802,-1.1973,-0.53434,-0.45812,0.021717,-0.11743,0.78394,0.027856,0.077477,-0.53434,0.38032,0.13682,1.6137,0.78394,1.5196,-0.052458,-0.10822,-0.055528,0.38032,-0.7891,-0.34814,0.21764,1.5196,0.39618,-0.59215,-0.2315,-0.052458,-0.54048,0.11789,-0.45812,-0.7891,0.39618,0.65093,-0.21309,0.027856,-0.54048,0.043714,-0.25913,0.13682,0.65093,3.2087,-0.49802,-0.10822,0.043714,0.14602,0.021717,-0.34814,-0.59215,-0.78296,0.046783,0.077477,0.11789,0.14602,0.33632,-1.8557
-0.055192,-0.18035,-0.67444,0.070401,-0.27978,0.095694,-0.030335,0.4764,0.29804,-0.50262,-0.67444,-0.20521,-0.32949,-0.23006,-0.030335,0.99316,0.19643,-0.25492,-0.20521,0.88894,0.32333,1.3874,0.99316,1.414,0.070401,-0.080485,0.070401,0.88894,-0.79611,-1.0386,0.4764,1.414,0.63034,-0.080485,0.29804,0.070401,-1.0146,-0.18035,-0.32949,-0.79611,0.63034,1.2291,-0.055192,0.19643,-1.0146,-0.57632,-0.27978,0.32333,1.2291,-1.111,-0.50262,-0.080485,-0.57632,-0.45334,-0.23006,-1.0386,-0.080485,-1.111,-0.18035,-0.25492,-0.18035,-0.45334,0.095694,1.3874
1.9688,1.9688,1.9688,1.9688,-1.9688,-1.9688,-1.9688,-1.9688,1.9688,1.9688,1.9688,1.9688,-1.9688,-1.9688,-1.9688,-1.9688,1.9688,1.9688,1.9688,1.9688,-1.9688,-1.9688,-1.9688,-1.9688,1.9688,1.9688,1.9688,1.9688,-1.9688,-1.9688,-1.9688,-1.9688,1.9688,1.9688,1.9688,1.9688,-1.9688,-1.9688,-1.9688,-1.9688,1.9688,1.9688,1.9688,1.9688,-1.9688,-1.9688,-1.9688,-1.9688,1.9688,1.9688,1.9688,1.9688,-1.9688,-1.9688,-1.9688,-1.9688,1.9688,1.9688,1.9688,1.9688,-1.9688,-1.9688,-1.9688,-1.9688
11.852,11.852,11.852,11.852,-11.852,-11.852,-11.852,-11.852,11.852,11.852,11.852,11.852,-11.852,-11.852,-11.852,-11.852,11.852,11.852,11.852,11.852,-11.852,-11.852,-11.852,-11.852,11.852,11.852,11.852,11.852,-11.852,-11.852,-11.852,-11.852,11.852,11.852,11.852,11.852,-11.852,-11.852,-11.852,-11.852,11.852,11.852,11.852,11.852,-11.852,-11.852,-11.852,-11.852,11.852,11.852,11.852,11.852,-11.852,-11.852,-11.852,-11.852,11.852,11.852,11.852,11.852,-11.852,-11.852,-11.852,-11.852
0.26395,-0.241,1.1821,0.12624,0.12624,-0.42462,0.12624,0.10329,0.60824,0.26395,1.1821,0.60824,0.37872,-0.26395,0.12624,-0.26395,0.12624,-0.35576,0.60824,0.21805,0.080334,-1.1132,-0.26395,-0.95253,0.12624,0.080334,0.12624,0.21805,0.42462,-0.47053,0.10329,-0.95253,-0.034429,0.79186,0.60824,0.12624,-0.14919,-0.35576,0.37872,0.42462,-0.034429,0.12624,0.26395,0.12624,-0.14919,-0.60824,0.12624,0.080334,0.12624,0.12624,0.26395,0.080334,-0.60824,-0.65415,-0.26395,-0.47053,0.79186,0.12624,-0.241,-0.35576,-0.35576,-0.65415,-0.42462,-1.1132
-0.4646,0.4128,-2.0117,-0.22702,-0.22702,0.73584,-0.22702,-0.18742,-1.0516,-0.4646,-2.0117,-1.0516,-0.66121,0.4531,-0.22702,0.4531,-0.22702,0.61427,-1.0516,-0.38541,-0.14782,1.9731,0.4531,1.6806,-0.22702,-0.14782,-0.22702,-0.38541,-0.73971,0.81712,-0.18742,1.6806,0.05156,-1.3615,-1.0516,-0.22702,0.25163,0.61427,-0.66121,-0.73971,0.05156,-0.22702,-0.4646,-0.22702,0.25163,1.0624,-0.22702,-0.14782,-0.22702,-0.22702,-0.4646,-0.14782,1.0624,1.1443,0.4531,0.81712,-1.3615,-0.22702,0.4128,0.61427,0.61427,1.1443,0.73584,1.9731
